151
121
148
115
103
147
171
161
122
146
185
149
139
135
113
129
185
152
178
127
181
124
117
176
179
147
135
144
126
155
176
169
104
108
141
128
100
155
117
199
181
137
172
189
108
137
181
179
150
127
172
112
180
195
138
152
160
116
1000022
1000333
129
141
110
189
102
131
154
133
101
120
119
148
131
137
173
174
192
161
114
132
114
169
147
170
136
170
145
123
182
175
143
122
108
113
198
108
101
136
162
101
101
144
185
182
156
147
180
133
123
131
166
186
153
180
197
121
103
176
159
146
113
190
157
129
132
177
147
199
144
127
151
134
157
136
155
192
163
150
118
166
176
163
107
133
118
165
138
198
191
101
116
178
176
132
195
100
130
114
112
123
143
142
183
108
189
145
196
138
181
178
103
157
122
115
174
168
189
150
125
118
190
111
144
129
101
159
148
173
172
185
103
142
162
108
173
125
150
192
151
115
184
137
